-227
-185
-183
-200
-211
-168
-197
-217
-168
-164

-181
-202
-195
-127
-202
-211
-183
-210
-210
-179
-200
-195
-171
-208
-195
-210
-193
-191
-173
-225
-173
-171
-200
-156
-171
-191
-171
-208
-193
-200
-200
-181
-168
-200
-173
-168
-199
-184
-218
-221
-191
-184
-157
-208
-179
-199
-208
-168
-197
-213
-182
-195
-177
-207
-207
-165
-175
-193
-163
-191
-195
-163
-193
-193
-195
-183
-207
-179
-197
-197
-193
-191
-175
-225
-195
-160
-206
-195
-168
-193
-177
-188
-178
-188
-191
-197
-195
-189
-167
-202
