-213
-159
-204
-170
-201
-204
-190
-201
-207
-211
-163
-185
-190
-203
-187
-201
-185
-180
-180
-201
-199
-185
-184
-199
-194
-187
-181
-199
-180
-180
-182
-207
-172
-210
-180
-192
-195
-180
-201
-201
-194
-194
-201
-180
-170
-175
-199
-187
-201
-168
-182
-201
-187
-204
-192
-182
-168
-203
-188
-175
-182
-177
-168
-187
-144
-161
-180
-190
-192
-187
-203
-201
-184
-204
-172
-187
-194
-190
-177
-218
-177
-203
-190
-150
-166
-207
-185
-177
-177
-199
-177
-166
-188
-201
-199
-196
-198
-190
-206
-203
